[(0.0, 0.0), (5, 5), (10, 7), (10, 10)]
[(0.0, 0.0), (5.0, 5.0), (10, 7), (10, 10)]
[(0.0, 0.0), (5.0, 5.0), (10.0, 7.0), (10, 10)]
[(0.0, 0.0), (5.0, 5.0), (10.0, 7.0), (10, 10)]
[(0.0, 0.0), (5.0, 5.0), (10.0, 7.0), (10, 10)]
[(0.0, 0.0), (5.0, 5.0), (10.0, 7.0), (10, 10)]
[(0.5, 0.5), (5, 5), (10, 7), (10, 10)]
[(0.5, 0.5), (5.5, 5.2), (10, 7), (10, 10)]
[(0.5, 0.5), (5.5, 5.2), (10.0, 7.3), (10, 10)]
[(1.0, 0.97), (5.5, 5.2), (10.0, 7.3), (10, 10)]
[(1.0, 0.97), (5.95, 5.41), (10.0, 7.3), (10, 10)]
[(1.495, 1.4140000000000001), (5.95, 5.41), (10.0, 7.3), (10, 10)]
[(1.0, 1.0), (5, 5), (10, 7), (10, 10)]
[(1.0, 1.0), (6.0, 5.4), (10, 7), (10, 10)]
[(1.0, 1.0), (6.0, 5.4), (10.0, 7.6000000000000005), (10, 10)]
[(2.0, 1.8800000000000001), (6.0, 5.4), (10.0, 7.6000000000000005), (10, 10)]
[(2.0, 1.8800000000000001), (6.800000000000001, 5.840000000000001), (10.0, 7.6000000000000005), (10, 10)]
[(2.9600000000000004, 2.6720000000000006), (6.800000000000001, 5.840000000000001), (10.0, 7.6000000000000005), (10, 10)]
[(1.5, 1.5), (5, 5), (10, 7), (10, 10)]
[(1.5, 1.5), (6.5, 5.6), (10, 7), (10, 10)]
[(1.5, 1.5), (6.5, 5.6), (10.0, 7.8999999999999995), (10, 10)]
[(3.0, 2.7299999999999995), (6.5, 5.6), (10.0, 7.8999999999999995), (10, 10)]
[(3.0, 2.7299999999999995), (7.55, 6.289999999999999), (10.0, 7.8999999999999995), (10, 10)]
[(4.364999999999999, 3.797999999999999), (7.55, 6.289999999999999), (10.0, 7.8999999999999995), (10, 10)]
[(2.0, 2.0), (5, 5), (10, 7), (10, 10)]
[(2.0, 2.0), (7.0, 5.800000000000001), (10, 7), (10, 10)]
[(2.0, 2.0), (7.0, 5.800000000000001), (10.0, 8.2), (10, 10)]
[(4.0, 3.5200000000000005), (7.0, 5.800000000000001), (10.0, 8.2), (10, 10)]
[(4.0, 3.5200000000000005), (8.2, 6.76), (10.0, 8.2), (10, 10)]
[(5.68, 4.816000000000001), (8.2, 6.76), (10.0, 8.2), (10, 10)]
[(2.5, 2.5), (5, 5), (10, 7), (10, 10)]
[(2.5, 2.5), (7.5, 6.0), (10, 7), (10, 10)]
[(2.5, 2.5), (7.5, 6.0), (10.0, 8.5), (10, 10)]
[(5.0, 4.25), (7.5, 6.0), (10.0, 8.5), (10, 10)]
[(5.0, 4.25), (8.75, 7.25), (10.0, 8.5), (10, 10)]
[(6.875, 5.75), (8.75, 7.25), (10.0, 8.5), (10, 10)]
[(3.0, 3.0), (5, 5), (10, 7), (10, 10)]
[(3.0, 3.0), (8.0, 6.2), (10, 7), (10, 10)]
[(3.0, 3.0), (8.0, 6.2), (10.0, 8.8), (10, 10)]
[(6.0, 4.92), (8.0, 6.2), (10.0, 8.8), (10, 10)]
[(6.0, 4.92), (9.2, 7.760000000000001), (10.0, 8.8), (10, 10)]
[(7.92, 6.6240000000000006), (9.2, 7.760000000000001), (10.0, 8.8), (10, 10)]
[(3.5, 3.5), (5, 5), (10, 7), (10, 10)]
[(3.5, 3.5), (8.5, 6.3999999999999995), (10, 7), (10, 10)]
[(3.5, 3.5), (8.5, 6.3999999999999995), (10.0, 9.100000000000001), (10, 10)]
[(7.0, 5.529999999999999), (8.5, 6.3999999999999995), (10.0, 9.100000000000001), (10, 10)]
[(7.0, 5.529999999999999), (9.55, 8.290000000000001), (10.0, 9.100000000000001), (10, 10)]
[(8.785, 7.462), (9.55, 8.290000000000001), (10.0, 9.100000000000001), (10, 10)]
[(4.0, 4.0), (5, 5), (10, 7), (10, 10)]
[(4.0, 4.0), (9.0, 6.6000000000000005), (10, 7), (10, 10)]
[(4.0, 4.0), (9.0, 6.6000000000000005), (10.0, 9.4), (10, 10)]
[(8.0, 6.080000000000001), (9.0, 6.6000000000000005), (10.0, 9.4), (10, 10)]
[(8.0, 6.080000000000001), (9.799999999999999, 8.84), (10.0, 9.4), (10, 10)]
[(9.44, 8.288), (9.799999999999999, 8.84), (10.0, 9.4), (10, 10)]
[(4.5, 4.5), (5, 5), (10, 7), (10, 10)]
[(4.5, 4.5), (9.5, 6.8), (10, 7), (10, 10)]
[(4.5, 4.5), (9.5, 6.8), (10.0, 9.7), (10, 10)]
[(9.0, 6.57), (9.5, 6.8), (10.0, 9.7), (10, 10)]
[(9.0, 6.57), (9.95, 9.41), (10.0, 9.7), (10, 10)]
[(9.855, 9.126000000000001), (9.95, 9.41), (10.0, 9.7), (10, 10)]
[(5.0, 5.0), (5, 5), (10, 7), (10, 10)]
[(5.0, 5.0), (10.0, 7.0), (10, 7), (10, 10)]
[(5.0, 5.0), (10.0, 7.0), (10.0, 10.0), (10, 10)]
[(10.0, 7.0), (10.0, 7.0), (10.0, 10.0), (10, 10)]
[(10.0, 7.0), (10.0, 10.0), (10.0, 10.0), (10, 10)]
[(10.0, 10.0), (10.0, 10.0), (10.0, 10.0), (10, 10)]
t = 0.0, Point: (0.0, 0.0)
t = 0.1, Point: (1.495, 1.4140000000000001)
t = 0.2, Point: (2.9600000000000004, 2.6720000000000006)
t = 0.3, Point: (4.364999999999999, 3.797999999999999)
t = 0.4, Point: (5.68, 4.816000000000001)
t = 0.5, Point: (6.875, 5.75)
t = 0.6, Point: (7.92, 6.6240000000000006)
t = 0.7, Point: (8.785, 7.462)
t = 0.8, Point: (9.44, 8.288)
t = 0.9, Point: (9.855, 9.126000000000001)
t = 1.0, Point: (10.0, 10.0)